.Random.seed <-
c(403L, 1L, -1181313398L, -397819540L, -576235793L, 1338233125L, 
1762095068L, -195740238L, 1717505197L, 17935463L, -93408370L, 
1792250984L, -968372117L, -444016119L, 1655170200L, 397785030L, 
678234913L, -1382873165L, -1598460126L, -1774763756L, -144346729L, 
461975949L, 1146681508L, 1198854794L, -2140813067L, 605175631L, 
-409245610L, -736685312L, 1592706627L, 2003885537L, 357706064L, 
-754180178L, 1362466137L, 784233323L, -697847078L, -1437113444L, 
-839262305L, -357472779L, 1955743884L, -2122987166L, 1459668285L, 
-60389961L, -270806434L, -822496360L, 675142395L, 858706585L, 
-1672242392L, 1903872470L, -742148527L, 1311913219L, 772221074L, 
-184050140L, 1640268007L, -1674521283L, 1780347316L, 2005323290L, 
-1304023707L, 921818111L, 159216262L, 423457296L, 953485491L, 
-860421295L, -1181159680L, 2036678110L, -2042427863L, -290968101L, 
-793808150L, 1960730764L, -2109763633L, -1231763579L, -1773575108L, 
2088568082L, 1783108109L, 489023815L, -617874642L, -271968632L, 
-1896407157L, 696340329L, -275693256L, -1790510106L, -1406571647L, 
-729431277L, 1183837378L, 2106738548L, 2747255L, 2119511149L, 
-324910332L, -550692310L, 1907914645L, 247708719L, 1831376182L, 
1945836896L, -1182049373L, 1976237249L, -1686979408L, -398124082L, 
343047993L, -222322869L, 482782458L, 2052634108L, -1931532737L, 
-1878926571L, 1063860268L, -647255806L, -1857519139L, -2083528489L, 
942992318L, 215080440L, -301430309L, -132970439L, 1628713352L, 
-1494885066L, 1223665521L, -1093085789L, -10041102L, -110939068L, 
-77385977L, 1704189661L, 1491886036L, -1847947526L, 506712645L, 
-625098081L, 1827287078L, -1472670544L, -1954056877L, -1888571279L, 
1801751968L, 306577726L, -1414860727L, -541608709L, 1358945482L, 
-1699093972L, 2125993519L, 691885797L, -1757914212L, 819080690L, 
-1638664083L, 895685031L, 1909105614L, 1499121960L, -1868154069L, 
1668487497L, -583381416L, -1021231354L, 1121872609L, 43048563L, 
349341410L, -1356350892L, 198689623L, 1240409933L, 1002912484L, 
1165886154L, 1554488117L, 777916815L, 582035094L, 2031224384L, 
-1446445309L, 1427617569L, -1151967216L, -1117980690L, -573196391L, 
2080804907L, -521214694L, -1115772964L, 676211167L, 741617077L, 
212335436L, -632055390L, -1075619587L, 182207991L, 614581022L, 
839024088L, 855021371L, 590938329L, -627930008L, -1909935722L, 
-1325944559L, -589323581L, -1865344302L, 636922724L, 628252327L, 
-1253423107L, -14777868L, 673099482L, 1416630309L, -1000841921L, 
-1320176954L, 2139348816L, -511754381L, -1973304943L, -227535936L, 
1438348702L, -1142208663L, -596655205L, 2014587562L, -142736180L, 
1373060495L, -217540155L, -1278812804L, -757668398L, 1862197581L, 
896115719L, 1001247726L, 1452243656L, -1183631925L, -332107735L, 
-1880779144L, 1232417702L, 816879041L, 506016339L, -1879820030L, 
-1542115276L, 1361136055L, 1823251885L, -728303932L, 631495402L, 
-272294571L, -1942105361L, 298856694L, 1514328096L, -1380371997L, 
-861384063L, 473152752L, 578057102L, -224211719L, -110561653L, 
-339671366L, 828017084L, -1557267713L, 1793233280L, -1690088428L, 
1924499240L, 82161210L, -1855422000L, -365031060L, -2035314764L, 
993568274L, 1371296736L, 1968092620L, 1919034592L, -1685825502L, 
-1352384728L, 830244364L, -921986244L, -2062574606L, 1814606576L, 
-716914108L, 169277016L, 1947098938L, -2087076880L, 1540656828L, 
1742974228L, 1247891650L, 3449952L, -25726596L, -246587440L, 
1443211554L, -1159332184L, -442104948L, -1913297732L, 1666762546L, 
38859328L, -503640908L, 1561551944L, -986996294L, -1834168816L, 
-736384788L, -1410457260L, -1676468462L, 1736398240L, -768611636L, 
-1565022624L, 1666146242L, 1526594344L, 325768620L, 1041889596L, 
228026226L, -737388240L, -1990897884L, -350065352L, -240571686L, 
-450697328L, 847262460L, 890810260L, 1798363202L, -1130480384L, 
762442812L, -341961392L, -645052254L, 1642952520L, 1300598540L, 
748579548L, -1808671918L, 1023386240L, 565856340L, 2066256872L, 
-1265998086L, 762843472L, 561900332L, -2024452236L, 1566747538L, 
1483284064L, -960856180L, 446882656L, 1430814690L, 595861416L, 
-920148788L, 1071222268L, -278666318L, -669642256L, 61845956L, 
-353099432L, 1786185082L, 824369584L, -2088980548L, -1584545708L, 
1218053058L, -1867867104L, 2075434172L, 329040464L, 1543325666L, 
272543336L, -680347060L, -1724178180L, -206254094L, -1137961728L, 
1740967796L, 1637404680L, -1593848390L, -1624275504L, -31097876L, 
1166200724L, -1452940334L, -294848672L, 75926860L, 1522072864L, 
-1155767422L, -544193816L, -1282595604L, -495111620L, -181152910L, 
1731226224L, -926695388L, 1019678520L, 1106785434L, -1905009968L, 
-831043396L, -1337706860L, -1493938558L, -1157813056L, -865238724L, 
297162896L, -799575518L, -2145522168L, 1377626380L, 2087336604L, 
-512657902L, -1777367680L, -42154476L, -1738768856L, 968389946L, 
796911568L, 206971500L, 1030934324L, 63621778L, -375838368L, 
724425036L, 205504480L, 1785931682L, 1937616808L, -1577856116L, 
-1633503556L, 1993399154L, -782485264L, -608145340L, -30347944L, 
1277977658L, -376530064L, 1731800124L, -1158270188L, 2009227714L, 
-1610661664L, 89655164L, 978274000L, 1411110562L, 2067688488L, 
-2052427508L, 771259324L, 727637298L, 1130321856L, -801586636L, 
-1959593016L, 919332026L, -1330147440L, -1600176660L, 2020499540L, 
1267633810L, -1297124576L, 616158668L, -937640992L, 962505410L, 
291220008L, -27031892L, 482093756L, -407979534L, 989653296L, 
2039012516L, -916436296L, -264342694L, 527930768L, 626475388L, 
-662768364L, -1173999294L, 31144704L, 1167743932L, 795665232L, 
-1743103710L, 118881608L, 705497100L, 636944476L, -1474024238L, 
-1977432064L, -1426883756L, -1849792024L, -1011703814L, 390684368L, 
-2071825108L, -907718412L, 416905106L, -2041996192L, 211709196L, 
1976794848L, -987374238L, 1624421032L, 1980295756L, -1132836996L, 
807631666L, 1001072240L, -1765421756L, -2088739880L, 2053513338L, 
1145746992L, 2051134140L, 1007593300L, -593079742L, -94153824L, 
669855932L, 7031248L, -184863390L, -1144472600L, 590528460L, 
1106810620L, -1136304142L, 309161088L, 1868364020L, 705959048L, 
1025329903L, 322807336L, 1811042950L, -404689741L, -173575659L, 
245011570L, -1848848192L, -942652119L, 494279579L, -1604105108L, 
1517613178L, 1428355503L, -235687751L, -1454546226L, -1321156580L, 
1595913101L, 2134535671L, 372932864L, 1697484638L, -1110583253L, 
-1077536979L, -1549952102L, 2065348952L, -23003967L, 2104191859L, 
1966082196L, -1323422430L, -1114223561L, -2056485631L, 1688610822L, 
-941072828L, -368138379L, 2135800543L, 221349432L, 1052841494L, 
227625507L, -2028935707L, 1825356802L, -1267704208L, 413076505L, 
606219787L, 669641980L, -1250590422L, -209332385L, 2136545001L, 
-125544962L, 490760684L, -1082371779L, -1382760185L, 1736331504L, 
-845140850L, 1576748731L, -694937955L, -1891552694L, 385462376L, 
-1143340975L, -1359809725L, -509290940L, -1105828622L, 1563410631L, 
2131104401L, -938955754L, 530822772L, 73355525L, 245493583L, 
-705418936L, 1460204774L, 264170003L, 1492741493L, -799665838L, 
-1090831968L, -939790199L, 1761499323L, 1092948748L, 1216950938L, 
-1795549169L, 1111129177L, 72700142L, 1606292348L, 1659715565L, 
-1213073257L, -1022352544L, -1407827138L, -1747825653L, 529509517L, 
547089850L, -170277896L, -558882911L, -1628636845L, -1002096524L, 
2081229314L, -976329577L, 1960953441L, 1229835942L, -101747036L, 
1115677525L, -870121473L, -1775395176L, 533029814L, 1594943555L, 
-1610325627L, 306111010L, 670927120L, 1835628729L, -265331349L, 
-2007858084L, 709306762L, 759643519L, -385896247L, 1821640030L, 
-1281575412L, 1699097053L, 666679527L, 2076589328L, 1530975278L, 
-1309668645L, -1522721859L, 942642474L, -1770419768L, 2121864945L, 
-683296669L, 1167817828L, 44904338L, 542418023L, -655594447L, 
-198216330L, 1814467220L, 562770085L, -1032542801L, 589192808L, 
-1528158650L, -666852365L, 1555596117L, -300569294L, 831398144L, 
-1240131095L, -709391269L, -2032392532L, 802525370L, -1523389841L, 
1647851513L, 221476494L, -829294756L, -90420275L, -1932563657L, 
1019933120L, -877771106L, -1079357589L, -2077632787L, -441023654L, 
